300,[0, 0, 0]
310,[0, 0, 21]
320,[0, 0, 45]
330,[0, 0, 61]
340,[0, 0, 76]
350,[0, 0, 92]
360,[0, 0, 116]
370,[0, 2, 129]
380,[0, 9, 132]
390,[0, 16, 136]
400,[0, 23, 139]
410,[0, 30, 143]
420,[0, 37, 146]
430,[0, 48, 152]
440,[0, 55, 155]
450,[0, 62, 159]
460,[0, 69, 162]
470,[0, 76, 166]
480,[0, 83, 169]
490,[0, 91, 173]
500,[0, 99, 177]
510,[0, 106, 181]
520,[0, 113, 184]
530,[0, 123, 189]
540,[0, 129, 192]
550,[0, 136, 196]
560,[0, 144, 200]
570,[0, 154, 205]
580,[0, 161, 208]
590,[0, 165, 210]
600,[0, 175, 215]
610,[0, 183, 219]
620,[0, 190, 223]
630,[0, 197, 226]
640,[0, 207, 231]
650,[0, 214, 235]
660,[0, 221, 238]
670,[0, 229, 242]
680,[0, 236, 246]
690,[0, 239, 247]
700,[0, 250, 253]
710,[2, 255, 253]
720,[7, 255, 248]
730,[13, 255, 242]
740,[22, 255, 233]
750,[28, 255, 227]
760,[33, 255, 222]
770,[39, 255, 216]
780,[48, 255, 207]
790,[51, 255, 204]
800,[57, 255, 198]
810,[65, 255, 190]
820,[71, 255, 184]
830,[77, 255, 178]
840,[83, 255, 172]
850,[91, 255, 164]
860,[97, 255, 158]
870,[100, 255, 155]
880,[109, 255, 146]
890,[112, 255, 143]
900,[118, 255, 137]
910,[124, 255, 131]
920,[132, 255, 123]
930,[137, 255, 118]
940,[143, 255, 112]
950,[149, 255, 106]
960,[158, 255, 97]
970,[161, 255, 94]
980,[166, 255, 89]
990,[172, 255, 83]
1000,[178, 255, 77]
1010,[184, 255, 71]
1020,[193, 255, 62]
1030,[198, 255, 57]
1040,[204, 255, 51]
1050,[210, 255, 45]
1060,[219, 255, 36]
1070,[221, 255, 34]
1080,[227, 255, 28]
1090,[233, 255, 22]
1100,[239, 255, 16]
1110,[245, 255, 10]
1120,[253, 255, 2]
1130,[255, 250, 0]
1140,[255, 244, 0]
1150,[255, 237, 0]
1160,[255, 228, 0]
1170,[255, 221, 0]
1180,[255, 215, 0]
1190,[255, 208, 0]
1200,[255, 202, 0]
1210,[255, 195, 0]
1220,[255, 189, 0]
1230,[255, 179, 0]
1240,[255, 173, 0]
1250,[255, 166, 0]
1260,[255, 160, 0]
1270,[255, 154, 0]
1280,[255, 147, 0]
1290,[255, 141, 0]
1300,[255, 133, 0]
1310,[255, 128, 0]
1320,[255, 121, 0]
1330,[255, 112, 0]
1340,[255, 105, 0]
1350,[255, 99, 0]
1360,[255, 92, 0]
1370,[255, 83, 0]
1380,[255, 76, 0]
1390,[255, 73, 0]
1400,[255, 63, 0]
1410,[255, 57, 0]
1420,[255, 50, 0]
1430,[255, 44, 0]
1440,[255, 34, 0]
1450,[255, 28, 0]
1460,[255, 21, 0]
1470,[255, 15, 0]
1480,[255, 8, 0]
1490,[255, 5, 0]
1500,[255, 2, 0]
0,[255, 255, 255]
