300,[0, 0, 0]
350,[0, 0, 92]
400,[0, 23, 139]
450,[0, 62, 159]
500,[0, 99, 177]
550,[0, 136, 196]
600,[0, 175, 215]
650,[0, 214, 235]
700,[0, 250, 253]
750,[28, 255, 227]
800,[57, 255, 198]
850,[91, 255, 164]
900,[118, 255, 137]
950,[149, 255, 106]
1000,[178, 255, 77]
1050,[210, 255, 45]
1100,[239, 255, 16]
1150,[255, 237, 0]
1200,[255, 202, 0]
1250,[255, 166, 0]
1300,[255, 133, 0]
1350,[255, 99, 0]
1400,[255, 63, 0]
1450,[255, 28, 0]
1500,[255, 2, 0]
0,[255, 255, 255]
